1,1,1,2019-05-15 19:57:00,51.11577,17.02248,141.71,
1,1,1,2019-05-15 19:58:00,51.11580,17.02252,158.80,
1,1,1,2019-05-15 19:59:00,51.11590,17.02260,152.58,
1,1,1,2019-05-15 19:59:15,51.11595,17.02273,153.80,
1,1,1,2019-05-15 20:00:00,51.11586,17.02272,136.70,
1,1,1,2019-05-15 20:00:15,51.11585,17.02269,135.88,
1,1,1,2019-05-15 20:01:00,51.11460,17.02416,300.37,
1,1,1,2019-05-15 20:01:15,51.11318,17.02559,345.46,
1,1,1,2019-05-15 20:02:00,51.11246,17.02654,378.71,
1,1,1,2019-05-15 20:06:00,51.09045,17.01343,1312.30,
1,1,1,2019-05-15 20:06:15,51.08709,17.01042,1515.34,
1,1,1,2019-05-15 20:07:00,51.08596,17.00958,1586.60,
1,1,1,2019-05-15 20:07:15,51.08520,17.00850,1677.89,
1,1,1,2019-05-15 20:07:30,51.08422,17.00744,1781.53,
1,1,1,2019-05-15 20:11:00,51.06592,16.99510,2889.23,
1,1,1,2019-05-15 20:11:15,51.06415,16.99393,2995.03,
1,1,1,2019-05-15 20:11:30,51.06293,16.99314,3067.71,
1,1,1,2019-05-15 20:12:00,51.05928,16.99018,3316.31,
1,1,1,2019-05-15 20:12:15,51.05794,16.98897,3424.04,
1,1,1,2019-05-15 20:12:30,51.05690,16.98787,3521.17,
1,1,1,2019-05-15 20:13:00,51.05598,16.98696,3642.83,
1,1,1,2019-05-15 20:13:15,51.05533,16.98621,3753.65,
1,1,1,2019-05-15 20:13:30,51.05451,16.98505,3860.13,
1,1,1,2019-05-15 20:14:00,51.05354,16.98418,3977.57,
1,1,1,2019-05-15 20:14:15,51.05322,16.98382,4009.49,
1,1,1,2019-05-15 20:16:00,51.04779,16.97470,4770.69,
1,1,1,2019-05-15 20:16:15,51.04728,16.97344,4886.45,
1,1,1,2019-05-15 20:16:30,51.04690,16.97228,5015.03,
1,1,1,2019-05-15 20:17:00,51.04650,16.97129,5126.47,
1,1,1,2019-05-15 20:17:15,51.04611,16.97007,5240.39,
1,1,1,2019-05-15 20:17:30,51.04566,16.96960,5356.84,
1,1,1,2019-05-15 20:18:00,51.04515,16.96876,5464.95,
1,1,1,2019-05-15 20:18:15,51.04474,16.96822,5575.23,
1,1,1,2019-05-15 20:18:30,51.04463,16.96792,5608.75,
1,1,1,2019-05-15 20:18:45,51.04390,16.96635,5802.53,
1,1,1,2019-05-15 20:19:00,51.04368,16.96541,5919.63,
1,1,1,2019-05-15 20:19:15,51.04349,16.96426,6027.04,
1,1,1,2019-05-15 20:19:30,51.04335,16.96315,6136.40,
1,1,1,2019-05-15 20:20:00,51.04337,16.96196,6260.24,
1,1,1,2019-05-15 20:20:15,51.04323,16.96091,6361.11,
1,1,1,2019-05-15 20:20:30,51.04302,16.95985,6463.60,
1,1,1,2019-05-15 20:21:00,51.04282,16.95886,6580.88,
1,1,1,2019-05-15 20:21:15,51.04276,16.95746,6700.29,
1,1,1,2019-05-15 20:21:30,51.04257,16.95624,6808.25,
1,1,1,2019-05-15 20:22:00,51.04225,16.95507,6931.78,
1,1,1,2019-05-15 20:22:15,51.04183,16.95387,7057.55,
1,1,1,2019-05-15 20:22:30,51.04175,16.95322,7099.98,
1,1,1,2019-05-15 20:25:00,51.03689,16.93366,8380.66,
1,1,1,2019-05-15 20:25:15,51.03638,16.93133,8481.73,
1,1,1,2019-05-15 20:26:00,51.03573,16.92857,8635.63,
1,1,1,2019-05-15 20:26:15,51.03519,16.92596,8739.78,
1,1,1,2019-05-15 20:26:30,51.03468,16.92329,8862.87,
1,1,1,2019-05-15 20:27:00,51.03422,16.92053,8969.76,
1,1,1,2019-05-15 20:27:15,51.03381,16.91804,9077.94,
1,1,1,2019-05-15 20:28:00,51.03162,16.90557,9561.98,
1,1,1,2019-05-15 20:29:00,51.03127,16.90237,9677.30,
1,1,1,2019-05-15 20:29:15,51.03101,16.89966,9794.01,
1,1,1,2019-05-15 20:29:30,51.03066,16.89733,9912.13,
1,1,1,2019-05-15 20:29:45,51.03059,16.89717,9931.95,
1,1,1,2019-05-15 20:30:00,51.03107,16.88755,10399.02,
1,1,1,2019-05-15 20:31:00,51.03153,16.88518,10503.42,
1,1,1,2019-05-15 20:31:15,51.03228,16.88198,10608.88,
1,1,1,2019-05-15 20:32:00,51.03403,16.87694,10866.31,
1,1,1,2019-05-15 20:32:15,51.03477,16.87489,10997.36,
1,1,1,2019-05-15 20:32:30,51.03567,16.87325,11107.77,
1,1,1,2019-05-15 20:32:45,51.03657,16.87158,11219.30,
1,1,1,2019-05-15 20:33:00,51.03769,16.86929,11354.60,
1,1,1,2019-05-15 20:35:00,51.04209,16.86059,11912.35,
1,1,1,2019-05-15 20:36:00,51.04706,16.85849,12250.26,
1,1,1,2019-05-15 20:36:15,51.04806,16.85797,12323.91,
1,1,1,2019-05-15 20:36:30,51.04899,16.85767,12398.00,
1,1,1,2019-05-15 20:36:45,51.04980,16.85709,12497.48,
1,1,1,2019-05-15 20:37:00,51.05057,16.85642,12572.62,
1,1,1,2019-05-15 20:37:15,51.05089,16.85605,12622.96,
1,1,1,2019-05-15 20:38:00,51.05310,16.85409,12826.35,
1,1,1,2019-05-15 20:41:00,51.05864,16.84857,13700.54,
1,1,1,2019-05-15 20:41:15,51.05881,16.84673,13782.91,
1,1,1,2019-05-15 20:41:30,51.05910,16.84548,13865.77,
1,1,1,2019-05-15 20:42:00,51.05972,16.84459,13949.14,
1,1,1,2019-05-15 20:42:15,51.06021,16.84372,14033.00,
1,1,1,2019-05-15 20:42:30,51.06071,16.84299,14117.36,
1,1,1,2019-05-15 20:43:00,51.06209,16.83950,14459.93,
1,1,1,2019-05-15 20:44:00,51.06250,16.83883,14575.96,
1,1,1,2019-05-15 20:45:00,51.06321,16.83414,14929.66,
1,1,1,2019-05-15 20:45:15,51.06345,16.83266,15019.41,
1,1,1,2019-05-15 20:46:00,51.06364,16.83098,15109.71,
1,1,1,2019-05-15 20:49:00,51.06329,16.81253,16171.81,
1,1,1,2019-05-15 20:50:00,51.06296,16.81050,16269.04,
1,1,1,2019-05-15 20:50:15,51.06277,16.80818,16334.18,
1,1,1,2019-05-15 20:50:30,51.06272,16.80543,16432.38,
1,1,1,2019-05-15 20:50:45,51.06293,16.80222,16531.17,
1,1,1,2019-05-15 20:51:00,51.06348,16.79956,16630.56,
1,1,1,2019-05-15 20:51:15,51.06417,16.79727,16697.15,
1,1,1,2019-05-15 20:51:30,51.06487,16.79524,16797.53,
1,1,1,2019-05-15 20:52:00,51.06560,16.79357,16864.79,
1,1,1,2019-05-15 20:52:15,51.06622,16.79222,16966.18,
1,1,1,2019-05-15 20:52:30,51.06676,16.79114,17068.18,
1,1,1,2019-05-15 20:53:00,51.06742,16.79014,17170.79,
1,1,1,2019-05-15 20:53:15,51.06787,16.78881,17239.54,
1,1,1,2019-05-15 20:53:30,51.06823,16.78750,17343.19,
1,1,1,2019-05-15 20:57:00,51.07418,16.77068,18488.26,
1,1,1,2019-05-15 21:00:00,51.07593,16.75808,19474.07,
1,1,1,2019-05-15 21:00:15,51.07586,16.75644,19552.05,
1,1,1,2019-05-15 21:00:30,51.07560,16.75490,19669.59,
1,1,1,2019-05-15 21:01:00,51.07530,16.75275,19748.35,
1,1,1,2019-05-15 21:01:15,51.07465,16.74785,19946.63,
1,1,1,2019-05-15 21:02:00,51.07447,16.74545,20066.55,
1,1,1,2019-05-15 21:02:15,51.07428,16.74328,20146.89,
1,1,1,2019-05-15 21:02:30,51.07404,16.74131,20227.56,
1,1,1,2019-05-15 21:03:00,51.07421,16.73551,20471.51,
1,1,1,2019-05-15 21:03:15,51.07409,16.73260,20553.48,
1,1,1,2019-05-15 21:03:30,51.07407,16.72938,20677.04,
1,1,1,2019-05-15 21:04:00,51.07451,16.72645,20759.83,
1,1,1,2019-05-15 21:04:15,51.07479,16.72324,20842.96,
1,1,1,2019-05-15 21:04:30,51.07505,16.72057,20968.27,
1,1,1,2019-05-15 21:06:00,51.07414,16.70693,21434.21,
1,1,1,2019-05-15 21:06:15,51.07401,16.70320,21563.07,
1,1,1,2019-05-15 21:07:00,51.07410,16.70270,21563.07,
1,1,1,2019-05-15 21:10:00,51.07336,16.66883,22577.10,
1,1,1,2019-05-15 21:10:15,51.07323,16.66531,22667.50,
1,1,1,2019-05-15 21:10:30,51.07302,16.66222,22758.26,
1,1,1,2019-05-15 21:10:45,51.07297,16.65833,22849.39,
1,1,1,2019-05-15 21:11:00,51.07308,16.65456,22940.87,
1,1,1,2019-05-15 21:11:15,51.07320,16.65105,23032.73,
1,1,1,2019-05-15 21:11:30,51.07368,16.64752,23124.95,
1,1,1,2019-05-15 21:12:00,51.07397,16.64437,23217.55,
1,1,1,2019-05-15 21:12:15,51.07408,16.64267,23310.51,
1,1,1,2019-05-15 21:14:00,51.07351,16.62108,24019.70,
1,1,1,2019-05-15 21:14:15,51.07272,16.61836,24115.87,
1,1,1,2019-05-15 21:15:00,51.07199,16.61588,24212.43,
1,1,1,2019-05-15 21:15:15,51.07097,16.61257,24309.38,
1,1,1,2019-05-15 21:15:30,51.06996,16.60936,24406.72,
1,1,1,2019-05-15 21:16:00,51.06901,16.60549,24504.44,
1,1,1,2019-05-15 21:16:15,51.06860,16.60182,24602.56,
1,1,1,2019-05-15 21:16:30,51.06799,16.59777,24701.06,
1,1,1,2019-05-15 21:17:00,51.06706,16.59415,24750.47,
1,1,1,2019-05-15 21:17:15,51.06615,16.59031,24849.57,
1,1,1,2019-05-15 21:17:30,51.06514,16.58608,24949.06,
1,1,1,2019-05-15 21:17:45,51.06439,16.58181,24998.96,
1,1,1,2019-05-15 21:18:00,51.06390,16.57783,25099.06,
1,1,1,2019-05-15 21:18:15,51.06344,16.57383,25199.56,
1,1,1,2019-05-15 21:18:30,51.06330,16.56989,25300.45,
1,1,1,2019-05-15 21:19:00,51.06306,16.56728,25351.06,
1,1,1,2019-05-15 21:22:00,51.06547,16.51601,26490.24,
1,1,1,2019-05-15 21:23:00,51.06540,16.51173,26596.31,
1,1,1,2019-05-15 21:23:15,51.06557,16.50728,26649.50,
1,1,1,2019-05-15 21:23:30,51.06557,16.50328,26756.21,
1,1,1,2019-05-15 21:24:00,51.06559,16.49954,26863.34,
1,1,1,2019-05-15 21:24:15,51.06532,16.49581,26917.06,
1,1,1,2019-05-15 21:24:30,51.06505,16.49179,27024.84,
1,1,1,2019-05-15 21:24:45,51.06486,16.48780,27133.05,
1,1,1,2019-05-15 21:25:00,51.06470,16.48395,27187.31,
1,1,1,2019-05-15 21:25:15,51.06472,16.48046,27296.17,
1,1,1,2019-05-15 21:25:30,51.06441,16.47690,27350.76,
1,1,1,2019-05-15 21:26:00,51.06416,16.47288,27460.28,
1,1,1,2019-05-15 21:26:15,51.06363,16.46855,27515.20,
1,1,1,2019-05-15 21:26:30,51.06294,16.46376,27625.37,
1,1,1,2019-05-15 21:27:00,51.06236,16.45917,27187.31,
1,1,1,2019-05-15 21:27:15,51.06215,16.45508,26702.80,
1,1,1,2019-05-15 21:27:30,51.06217,16.45364,26543.22,
1,1,1,2019-05-15 21:30:00,51.06007,16.41867,22532.04,
1,1,1,2019-05-15 21:30:15,51.05988,16.41522,22130.49,
1,1,1,2019-05-15 21:31:00,51.05960,16.41314,21779.57,
1,1,1,2019-05-15 21:31:15,51.05937,16.41017,21434.21,
1,1,1,2019-05-15 21:31:30,51.05906,16.40684,21094.33,
1,1,1,2019-05-15 21:32:00,51.05939,16.40368,20759.83,
1,1,1,2019-05-15 21:32:15,51.05972,16.40058,20430.65,
1,1,1,2019-05-15 21:32:30,51.05975,16.39776,20106.68,
1,1,1,2019-05-15 21:32:45,51.05959,16.39480,19827.42,
1,1,1,2019-05-15 21:33:00,51.05937,16.39232,19513.02,
1,1,1,2019-05-15 21:33:15,51.05898,16.39026,19242.01,
1,1,1,2019-05-15 21:33:30,51.05907,16.38952,18936.89,
1,1,1,2019-05-15 21:34:00,51.05934,16.38760,18599.41,
1,1,1,2019-05-15 21:34:15,51.05980,16.38689,18414.53,
1,1,1,2019-05-15 21:36:00,51.06225,16.37980,16730.54,
1,1,1,2019-05-15 21:36:15,51.06329,16.37529,16236.56,
1,1,1,2019-05-15 21:37:00,51.06303,16.37007,15414.64,
1,1,1,2019-05-15 21:38:00,51.06320,16.36899,15170.21,
1,1,1,2019-05-15 21:38:15,51.06379,16.36718,14959.52,
1,1,1,2019-05-15 21:38:30,51.06398,16.36514,14751.75,
1,1,1,2019-05-15 21:39:00,51.06425,16.36389,14575.96,
1,1,1,2019-05-15 21:40:00,51.06705,16.35575,13349.27,
1,1,1,2019-05-15 21:41:00,51.06759,16.35545,13163.86,
1,1,1,2019-05-15 21:41:15,51.06773,16.35513,12981.04,
1,1,1,2019-05-15 21:41:30,51.06868,16.35439,12826.35,
1,1,1,2019-05-15 21:42:00,51.06962,16.35338,12622.96,
1,1,1,2019-05-15 21:42:15,51.07027,16.35271,12472.54,
1,1,1,2019-05-15 21:42:30,51.07086,16.35192,12299.31,
1,1,1,2019-05-15 21:42:45,51.07175,16.35190,12104.28,
1,1,1,2019-05-15 21:43:00,51.07264,16.35143,11912.35,
1,1,1,2019-05-15 21:43:15,51.07347,16.35057,11746.90,
1,1,1,2019-05-15 21:43:30,51.07426,16.34911,11583.75,
1,1,1,2019-05-15 21:44:00,51.07533,16.34762,11400.07,
1,1,1,2019-05-15 21:44:15,51.07659,16.34585,11241.74,
1,1,1,2019-05-15 21:44:30,51.07747,16.34437,11063.48,
1,1,1,2019-05-15 21:45:00,51.07811,16.34273,10888.04,
1,1,1,2019-05-15 21:45:15,51.07884,16.34084,10715.39,
1,1,1,2019-05-15 21:45:30,51.08001,16.33867,10566.57,
1,1,1,2019-05-15 21:46:00,51.08154,16.33094,10112.16,
1,1,1,2019-05-15 21:46:15,51.08156,16.33028,10071.84,
1,1,1,2019-05-15 21:48:00,51.07783,16.30928,9242.65,
1,1,1,2019-05-15 21:48:15,51.07700,16.30545,9096.09,
1,1,1,2019-05-15 21:49:00,51.07614,16.30211,8951.86,
1,1,1,2019-05-15 21:49:15,51.07531,16.29902,8809.91,
1,1,1,2019-05-15 21:49:30,51.07454,16.29601,8670.21,
1,1,1,2019-05-15 21:49:45,51.07419,16.29470,8601.19,
1,1,1,2019-05-15 21:50:00,51.07321,16.28982,8380.66,
1,1,1,2019-05-15 21:50:15,51.07265,16.28695,8247.77,
1,1,1,2019-05-15 21:50:30,51.07207,16.28421,8100.78,
1,1,1,2019-05-15 21:51:00,51.07166,16.28154,7972.33,
1,1,1,2019-05-15 21:51:15,51.07128,16.27906,7845.91,
1,1,1,2019-05-15 21:51:30,51.07089,16.27675,7706.09,
1,1,1,2019-05-15 21:52:00,51.07049,16.27448,7583.89,
1,1,1,2019-05-15 21:52:15,51.07002,16.27224,7448.74,
1,1,1,2019-05-15 21:52:30,51.06963,16.27013,7315.99,
1,1,1,2019-05-15 21:53:00,51.06919,16.26820,7185.61,
1,1,1,2019-05-15 21:53:15,51.06875,16.26613,7057.55,
1,1,1,2019-05-15 21:53:30,51.06821,16.26414,6945.64,
1,1,1,2019-05-15 21:53:45,51.06767,16.26224,6821.86,
1,1,1,2019-05-15 21:54:00,51.06715,16.26047,6713.69,
1,1,1,2019-05-15 21:54:15,51.06691,16.25968,6660.25,
1,1,1,2019-05-15 21:57:00,51.06126,16.24226,5653.76,
1,1,1,2019-05-15 21:57:15,51.06068,16.24060,5553.00,
1,1,1,2019-05-15 21:57:30,51.05998,16.23882,5432.29,
1,1,1,2019-05-15 21:58:00,51.05931,16.23710,5335.48,
1,1,1,2019-05-15 21:58:15,51.05856,16.23549,5229.93,
1,1,1,2019-05-15 21:58:30,51.05775,16.23376,5136.73,
1,1,1,2019-05-15 21:59:00,51.05669,16.23184,5035.11,
1,1,1,2019-05-15 21:59:15,51.05571,16.23001,4935.51,
1,1,1,2019-05-15 21:59:30,51.05476,16.22810,4837.88,
1,1,1,2019-05-15 22:00:00,51.05383,16.22625,4742.18,
1,1,1,2019-05-15 22:00:15,51.05280,16.22433,4639.09,
1,1,1,2019-05-15 22:00:30,51.05191,16.22259,4547.32,
1,1,1,2019-05-15 22:01:00,51.05013,16.21862,4360.47,
1,1,1,2019-05-15 22:01:15,51.04906,16.21630,4257.17,
1,1,1,2019-05-15 22:01:30,51.04804,16.21411,4164.62,
1,1,1,2019-05-15 22:02:00,51.04696,16.21185,4074.09,
1,1,1,2019-05-15 22:02:15,51.04665,16.21119,4049.75,
1,1,1,2019-05-15 22:03:00,51.04338,16.20507,3791.34,
1,1,1,2019-05-15 22:03:15,51.04187,16.20306,3701.52,
1,1,1,2019-05-15 22:03:30,51.04139,16.20252,3672.06,
1,1,1,2019-05-15 22:04:00,51.03627,16.19838,3417.21,
1,1,1,2019-05-15 22:04:15,51.03432,16.19734,3329.59,
1,1,1,2019-05-15 22:04:30,51.03220,16.19621,3231.28,
1,1,1,2019-05-15 22:05:00,51.03024,16.19511,3148.44,
1,1,1,2019-05-15 22:05:15,51.02809,16.19411,3061.59,
1,1,1,2019-05-15 22:05:30,51.02590,16.19327,2971.19,
1,1,1,2019-05-15 22:06:00,51.02357,16.19243,2871.97,
1,1,1,2019-05-15 22:06:15,51.02147,16.19161,2781.61,
1,1,1,2019-05-15 22:06:30,51.01959,16.19089,2704.88,
1,1,1,2019-05-15 22:07:00,51.01778,16.19030,2625.02,
1,1,1,2019-05-15 22:07:15,51.01286,16.18866,2380.20,
1,1,1,2019-05-15 22:08:00,51.01125,16.18813,2296.12,
1,1,1,2019-05-15 22:08:15,51.00971,16.18773,2215.01,
1,1,1,2019-05-15 22:08:30,51.00801,16.18714,2145.32,
1,1,1,2019-05-15 22:09:00,51.00623,16.18638,2061.28,
1,1,1,2019-05-15 22:09:15,51.00443,16.18567,1972.64,
1,1,1,2019-05-15 22:09:30,51.00289,16.18488,1884.04,
1,1,1,2019-05-15 22:10:00,51.00141,16.18403,1803.02,
1,1,1,2019-05-15 22:10:15,51.00011,16.18322,1718.60,
1,1,1,2019-05-15 22:10:30,50.99892,16.18244,1621.85,
1,1,1,2019-05-15 22:10:45,50.99842,16.18198,1570.82,
1,1,1,2019-05-15 22:11:00,50.99741,16.18102,1450.17,
1,1,1,2019-05-15 22:26:00,50.98248,16.18020,226.62,
1,1,1,2019-05-15 22:26:15,50.98251,16.17933,231.66,
1,1,1,2019-05-15 22:27:00,50.98256,16.17930,221.70,
1,1,1,2019-05-15 22:27:15,50.98258,16.17929,218.62,
1,1,1,2019-05-15 22:28:00,50.98258,16.17926,225.72,
1,1,1,2019-05-15 22:28:15,50.98255,16.17926,230.74,
1,1,1,2019-05-15 22:28:30,50.98259,16.17922,221.70,
1,1,1,2019-05-15 22:28:45,50.98261,16.17921,223.48,
1,1,1,2019-05-15 22:29:00,50.98260,16.17923,223.48,
1,1,1,2019-05-15 22:29:15,50.98258,16.17926,226.62,
1,1,1,2019-05-15 22:29:30,50.98257,16.17925,231.66,
1,1,1,2019-05-15 22:30:00,50.98261,16.17927,236.81,
1,1,1,2019-05-15 22:30:15,50.98260,16.17922,234.45,
